Instrucción			ETAPA	PC	$at	$v0	$v1	$a0	$a1	$a2	$a3	$t0	$t1	$t2	$t3	$t4	$t5	$t6	$t7	$s0	$s1	$s2	$s3	$s4	$s5	$s6	$s7	$t8	$t9	$k0	$k1	$gp	$sp	$fp	$ra	$zero
j main                         		IF	4	0	0	0	0	0	0	0	0	0	0	0	0	0	0	0	0	0	0	0	0	0	0	0	0	0	0	0	0	0	0	0	0
j main                         		ID	80	0	0	0	0	0	0	0	0	0	0	0	0	0	0	0	0	0	0	0	0	0	0	0	0	0	0	0	0	0	0	0	0
j main                         		EX	80	0	0	0	0	0	0	0	0	0	0	0	0	0	0	0	0	0	0	0	0	0	0	0	0	0	0	0	0	0	0	0	0
j main                         		MEM	80	0	0	0	0	0	0	0	0	0	0	0	0	0	0	0	0	0	0	0	0	0	0	0	0	0	0	0	0	0	0	0	0
j main                         		WB	80	0	0	0	0	0	0	0	0	0	0	0	0	0	0	0	0	0	0	0	0	0	0	0	0	0	0	0	0	0	0	0	0
addi $a0, $zero, 6             		IF	84	0	0	0	0	0	0	0	0	0	0	0	0	0	0	0	0	0	0	0	0	0	0	0	0	0	0	0	0	0	0	0	0
addi $a0, $zero, 6             		ID	84	0	0	0	0	0	0	0	0	0	0	0	0	0	0	0	0	0	0	0	0	0	0	0	0	0	0	0	0	0	0	0	0
addi $a0, $zero, 6             		EX	84	0	0	0	0	0	0	0	0	0	0	0	0	0	0	0	0	0	0	0	0	0	0	0	0	0	0	0	0	0	0	0	0
addi $a0, $zero, 6             		MEM	84	0	0	0	0	0	0	0	0	0	0	0	0	0	0	0	0	0	0	0	0	0	0	0	0	0	0	0	0	0	0	0	0
addi $a0, $zero, 6             		WB	84	0	0	0	6	0	0	0	0	0	0	0	0	0	0	0	0	0	0	0	0	0	0	0	0	0	0	0	0	0	0	0	0
jal factorial                  		IF	88	0	0	0	6	0	0	0	0	0	0	0	0	0	0	0	0	0	0	0	0	0	0	0	0	0	0	0	0	0	0	0	0
jal factorial                  		ID	88	0	0	0	6	0	0	0	0	0	0	0	0	0	0	0	0	0	0	0	0	0	0	0	0	0	0	0	0	0	0	0	0
jal factorial                  		EX	88	0	0	0	6	0	0	0	0	0	0	0	0	0	0	0	0	0	0	0	0	0	0	0	0	0	0	0	0	0	0	0	0
jal factorial                  		MEM	88	0	0	0	6	0	0	0	0	0	0	0	0	0	0	0	0	0	0	0	0	0	0	0	0	0	0	0	0	0	0	0	0
jal factorial                  		WB	4	0	0	0	6	0	0	0	0	0	0	0	0	0	0	0	0	0	0	0	0	0	0	0	0	0	0	0	0	0	0	88	0
beq $a0, $zero, condicionBorde 		IF	8	0	0	0	6	0	0	0	0	0	0	0	0	0	0	0	0	0	0	0	0	0	0	0	0	0	0	0	0	0	0	88	0
beq $a0, $zero, condicionBorde 		ID	8	0	0	0	6	0	0	0	0	0	0	0	0	0	0	0	0	0	0	0	0	0	0	0	0	0	0	0	0	0	0	88	0
beq $a0, $zero, condicionBorde 		EX	8	0	0	0	6	0	0	0	0	0	0	0	0	0	0	0	0	0	0	0	0	0	0	0	0	0	0	0	0	0	0	88	0
beq $a0, $zero, condicionBorde 		MEM	8	0	0	0	6	0	0	0	0	0	0	0	0	0	0	0	0	0	0	0	0	0	0	0	0	0	0	0	0	0	0	88	0
beq $a0, $zero, condicionBorde 		WB	8	0	0	0	6	0	0	0	0	0	0	0	0	0	0	0	0	0	0	0	0	0	0	0	0	0	0	0	0	0	0	88	0
addi $sp, $sp, -8              		IF	12	0	0	0	6	0	0	0	0	0	0	0	0	0	0	0	0	0	0	0	0	0	0	0	0	0	0	0	0	0	0	88	0
addi $sp, $sp, -8              		ID	12	0	0	0	6	0	0	0	0	0	0	0	0	0	0	0	0	0	0	0	0	0	0	0	0	0	0	0	0	0	0	88	0
addi $sp, $sp, -8              		EX	12	0	0	0	6	0	0	0	0	0	0	0	0	0	0	0	0	0	0	0	0	0	0	0	0	0	0	0	0	0	0	88	0
addi $sp, $sp, -8              		MEM	12	0	0	0	6	0	0	0	0	0	0	0	0	0	0	0	0	0	0	0	0	0	0	0	0	0	0	0	0	0	0	88	0
addi $sp, $sp, -8              		WB	12	0	0	0	6	0	0	0	0	0	0	0	0	0	0	0	0	0	0	0	0	0	0	0	0	0	0	0	0	-8	0	88	0
sw $ra, 0($sp)                 		IF	16	0	0	0	6	0	0	0	0	0	0	0	0	0	0	0	0	0	0	0	0	0	0	0	0	0	0	0	0	-8	0	88	0
sw $ra, 0($sp)                 		ID	16	0	0	0	6	0	0	0	0	0	0	0	0	0	0	0	0	0	0	0	0	0	0	0	0	0	0	0	0	-8	0	88	0
sw $ra, 0($sp)                 		EX	16	0	0	0	6	0	0	0	0	0	0	0	0	0	0	0	0	0	0	0	0	0	0	0	0	0	0	0	0	-8	0	88	0
sw $ra, 0($sp)                 		MEM	16	0	0	0	6	0	0	0	0	0	0	0	0	0	0	0	0	0	0	0	0	0	0	0	0	0	0	0	0	-8	0	88	0
sw $ra, 0($sp)                 		WB	16	0	0	0	6	0	0	0	0	0	0	0	0	0	0	0	0	0	0	0	0	0	0	0	0	0	0	0	0	-8	0	88	0
sw $a0, 4($sp)                 		IF	20	0	0	0	6	0	0	0	0	0	0	0	0	0	0	0	0	0	0	0	0	0	0	0	0	0	0	0	0	-8	0	88	0
sw $a0, 4($sp)                 		ID	20	0	0	0	6	0	0	0	0	0	0	0	0	0	0	0	0	0	0	0	0	0	0	0	0	0	0	0	0	-8	0	88	0
sw $a0, 4($sp)                 		EX	20	0	0	0	6	0	0	0	0	0	0	0	0	0	0	0	0	0	0	0	0	0	0	0	0	0	0	0	0	-8	0	88	0
sw $a0, 4($sp)                 		MEM	20	0	0	0	6	0	0	0	0	0	0	0	0	0	0	0	0	0	0	0	0	0	0	0	0	0	0	0	0	-8	0	88	0
sw $a0, 4($sp)                 		WB	20	0	0	0	6	0	0	0	0	0	0	0	0	0	0	0	0	0	0	0	0	0	0	0	0	0	0	0	0	-8	0	88	0
addi $a0, $a0, -1              		IF	24	0	0	0	6	0	0	0	0	0	0	0	0	0	0	0	0	0	0	0	0	0	0	0	0	0	0	0	0	-8	0	88	0
addi $a0, $a0, -1              		ID	24	0	0	0	6	0	0	0	0	0	0	0	0	0	0	0	0	0	0	0	0	0	0	0	0	0	0	0	0	-8	0	88	0
addi $a0, $a0, -1              		EX	24	0	0	0	6	0	0	0	0	0	0	0	0	0	0	0	0	0	0	0	0	0	0	0	0	0	0	0	0	-8	0	88	0
addi $a0, $a0, -1              		MEM	24	0	0	0	6	0	0	0	0	0	0	0	0	0	0	0	0	0	0	0	0	0	0	0	0	0	0	0	0	-8	0	88	0
addi $a0, $a0, -1              		WB	24	0	0	0	5	0	0	0	0	0	0	0	0	0	0	0	0	0	0	0	0	0	0	0	0	0	0	0	0	-8	0	88	0
add $t0, $t0, $a0              		IF	28	0	0	0	5	0	0	0	0	0	0	0	0	0	0	0	0	0	0	0	0	0	0	0	0	0	0	0	0	-8	0	88	0
add $t0, $t0, $a0              		ID	28	0	0	0	5	0	0	0	0	0	0	0	0	0	0	0	0	0	0	0	0	0	0	0	0	0	0	0	0	-8	0	88	0
add $t0, $t0, $a0              		EX	28	0	0	0	5	0	0	0	0	0	0	0	0	0	0	0	0	0	0	0	0	0	0	0	0	0	0	0	0	-8	0	88	0
add $t0, $t0, $a0              		MEM	28	0	0	0	5	0	0	0	0	0	0	0	0	0	0	0	0	0	0	0	0	0	0	0	0	0	0	0	0	-8	0	88	0
add $t0, $t0, $a0              		WB	28	0	0	0	5	0	0	0	5	0	0	0	0	0	0	0	0	0	0	0	0	0	0	0	0	0	0	0	0	-8	0	88	0
add $t1, $t0, $a0              		IF	32	0	0	0	5	0	0	0	5	0	0	0	0	0	0	0	0	0	0	0	0	0	0	0	0	0	0	0	0	-8	0	88	0
add $t1, $t0, $a0              		ID	32	0	0	0	5	0	0	0	5	0	0	0	0	0	0	0	0	0	0	0	0	0	0	0	0	0	0	0	0	-8	0	88	0
add $t1, $t0, $a0              		EX	32	0	0	0	5	0	0	0	5	0	0	0	0	0	0	0	0	0	0	0	0	0	0	0	0	0	0	0	0	-8	0	88	0
add $t1, $t0, $a0              		MEM	32	0	0	0	5	0	0	0	5	0	0	0	0	0	0	0	0	0	0	0	0	0	0	0	0	0	0	0	0	-8	0	88	0
add $t1, $t0, $a0              		WB	32	0	0	0	5	0	0	0	5	10	0	0	0	0	0	0	0	0	0	0	0	0	0	0	0	0	0	0	0	-8	0	88	0
jal factorial                  		IF	36	0	0	0	5	0	0	0	5	10	0	0	0	0	0	0	0	0	0	0	0	0	0	0	0	0	0	0	0	-8	0	88	0
jal factorial                  		ID	36	0	0	0	5	0	0	0	5	10	0	0	0	0	0	0	0	0	0	0	0	0	0	0	0	0	0	0	0	-8	0	88	0
jal factorial                  		EX	36	0	0	0	5	0	0	0	5	10	0	0	0	0	0	0	0	0	0	0	0	0	0	0	0	0	0	0	0	-8	0	88	0
jal factorial                  		MEM	36	0	0	0	5	0	0	0	5	10	0	0	0	0	0	0	0	0	0	0	0	0	0	0	0	0	0	0	0	-8	0	88	0
jal factorial                  		WB	4	0	0	0	5	0	0	0	5	10	0	0	0	0	0	0	0	0	0	0	0	0	0	0	0	0	0	0	0	-8	0	36	0
beq $a0, $zero, condicionBorde 		IF	8	0	0	0	5	0	0	0	5	10	0	0	0	0	0	0	0	0	0	0	0	0	0	0	0	0	0	0	0	-8	0	36	0
beq $a0, $zero, condicionBorde 		ID	8	0	0	0	5	0	0	0	5	10	0	0	0	0	0	0	0	0	0	0	0	0	0	0	0	0	0	0	0	-8	0	36	0
beq $a0, $zero, condicionBorde 		EX	8	0	0	0	5	0	0	0	5	10	0	0	0	0	0	0	0	0	0	0	0	0	0	0	0	0	0	0	0	-8	0	36	0
beq $a0, $zero, condicionBorde 		MEM	8	0	0	0	5	0	0	0	5	10	0	0	0	0	0	0	0	0	0	0	0	0	0	0	0	0	0	0	0	-8	0	36	0
beq $a0, $zero, condicionBorde 		WB	8	0	0	0	5	0	0	0	5	10	0	0	0	0	0	0	0	0	0	0	0	0	0	0	0	0	0	0	0	-8	0	36	0
addi $sp, $sp, -8              		IF	12	0	0	0	5	0	0	0	5	10	0	0	0	0	0	0	0	0	0	0	0	0	0	0	0	0	0	0	0	-8	0	36	0
addi $sp, $sp, -8              		ID	12	0	0	0	5	0	0	0	5	10	0	0	0	0	0	0	0	0	0	0	0	0	0	0	0	0	0	0	0	-8	0	36	0
addi $sp, $sp, -8              		EX	12	0	0	0	5	0	0	0	5	10	0	0	0	0	0	0	0	0	0	0	0	0	0	0	0	0	0	0	0	-8	0	36	0
addi $sp, $sp, -8              		MEM	12	0	0	0	5	0	0	0	5	10	0	0	0	0	0	0	0	0	0	0	0	0	0	0	0	0	0	0	0	-8	0	36	0
addi $sp, $sp, -8              		WB	12	0	0	0	5	0	0	0	5	10	0	0	0	0	0	0	0	0	0	0	0	0	0	0	0	0	0	0	0	-16	0	36	0
sw $ra, 0($sp)                 		IF	16	0	0	0	5	0	0	0	5	10	0	0	0	0	0	0	0	0	0	0	0	0	0	0	0	0	0	0	0	-16	0	36	0
sw $ra, 0($sp)                 		ID	16	0	0	0	5	0	0	0	5	10	0	0	0	0	0	0	0	0	0	0	0	0	0	0	0	0	0	0	0	-16	0	36	0
sw $ra, 0($sp)                 		EX	16	0	0	0	5	0	0	0	5	10	0	0	0	0	0	0	0	0	0	0	0	0	0	0	0	0	0	0	0	-16	0	36	0
sw $ra, 0($sp)                 		MEM	16	0	0	0	5	0	0	0	5	10	0	0	0	0	0	0	0	0	0	0	0	0	0	0	0	0	0	0	0	-16	0	36	0
sw $ra, 0($sp)                 		WB	16	0	0	0	5	0	0	0	5	10	0	0	0	0	0	0	0	0	0	0	0	0	0	0	0	0	0	0	0	-16	0	36	0
sw $a0, 4($sp)                 		IF	20	0	0	0	5	0	0	0	5	10	0	0	0	0	0	0	0	0	0	0	0	0	0	0	0	0	0	0	0	-16	0	36	0
sw $a0, 4($sp)                 		ID	20	0	0	0	5	0	0	0	5	10	0	0	0	0	0	0	0	0	0	0	0	0	0	0	0	0	0	0	0	-16	0	36	0
sw $a0, 4($sp)                 		EX	20	0	0	0	5	0	0	0	5	10	0	0	0	0	0	0	0	0	0	0	0	0	0	0	0	0	0	0	0	-16	0	36	0
sw $a0, 4($sp)                 		MEM	20	0	0	0	5	0	0	0	5	10	0	0	0	0	0	0	0	0	0	0	0	0	0	0	0	0	0	0	0	-16	0	36	0
sw $a0, 4($sp)                 		WB	20	0	0	0	5	0	0	0	5	10	0	0	0	0	0	0	0	0	0	0	0	0	0	0	0	0	0	0	0	-16	0	36	0
addi $a0, $a0, -1              		IF	24	0	0	0	5	0	0	0	5	10	0	0	0	0	0	0	0	0	0	0	0	0	0	0	0	0	0	0	0	-16	0	36	0
addi $a0, $a0, -1              		ID	24	0	0	0	5	0	0	0	5	10	0	0	0	0	0	0	0	0	0	0	0	0	0	0	0	0	0	0	0	-16	0	36	0
addi $a0, $a0, -1              		EX	24	0	0	0	5	0	0	0	5	10	0	0	0	0	0	0	0	0	0	0	0	0	0	0	0	0	0	0	0	-16	0	36	0
addi $a0, $a0, -1              		MEM	24	0	0	0	5	0	0	0	5	10	0	0	0	0	0	0	0	0	0	0	0	0	0	0	0	0	0	0	0	-16	0	36	0
addi $a0, $a0, -1              		WB	24	0	0	0	4	0	0	0	5	10	0	0	0	0	0	0	0	0	0	0	0	0	0	0	0	0	0	0	0	-16	0	36	0
add $t0, $t0, $a0              		IF	28	0	0	0	4	0	0	0	5	10	0	0	0	0	0	0	0	0	0	0	0	0	0	0	0	0	0	0	0	-16	0	36	0
add $t0, $t0, $a0              		ID	28	0	0	0	4	0	0	0	5	10	0	0	0	0	0	0	0	0	0	0	0	0	0	0	0	0	0	0	0	-16	0	36	0
add $t0, $t0, $a0              		EX	28	0	0	0	4	0	0	0	5	10	0	0	0	0	0	0	0	0	0	0	0	0	0	0	0	0	0	0	0	-16	0	36	0
add $t0, $t0, $a0              		MEM	28	0	0	0	4	0	0	0	5	10	0	0	0	0	0	0	0	0	0	0	0	0	0	0	0	0	0	0	0	-16	0	36	0
add $t0, $t0, $a0              		WB	28	0	0	0	4	0	0	0	9	10	0	0	0	0	0	0	0	0	0	0	0	0	0	0	0	0	0	0	0	-16	0	36	0
add $t1, $t0, $a0              		IF	32	0	0	0	4	0	0	0	9	10	0	0	0	0	0	0	0	0	0	0	0	0	0	0	0	0	0	0	0	-16	0	36	0
add $t1, $t0, $a0              		ID	32	0	0	0	4	0	0	0	9	10	0	0	0	0	0	0	0	0	0	0	0	0	0	0	0	0	0	0	0	-16	0	36	0
add $t1, $t0, $a0              		EX	32	0	0	0	4	0	0	0	9	10	0	0	0	0	0	0	0	0	0	0	0	0	0	0	0	0	0	0	0	-16	0	36	0
add $t1, $t0, $a0              		MEM	32	0	0	0	4	0	0	0	9	10	0	0	0	0	0	0	0	0	0	0	0	0	0	0	0	0	0	0	0	-16	0	36	0
add $t1, $t0, $a0              		WB	32	0	0	0	4	0	0	0	9	13	0	0	0	0	0	0	0	0	0	0	0	0	0	0	0	0	0	0	0	-16	0	36	0
jal factorial                  		IF	36	0	0	0	4	0	0	0	9	13	0	0	0	0	0	0	0	0	0	0	0	0	0	0	0	0	0	0	0	-16	0	36	0
jal factorial                  		ID	36	0	0	0	4	0	0	0	9	13	0	0	0	0	0	0	0	0	0	0	0	0	0	0	0	0	0	0	0	-16	0	36	0
jal factorial                  		EX	36	0	0	0	4	0	0	0	9	13	0	0	0	0	0	0	0	0	0	0	0	0	0	0	0	0	0	0	0	-16	0	36	0
jal factorial                  		MEM	36	0	0	0	4	0	0	0	9	13	0	0	0	0	0	0	0	0	0	0	0	0	0	0	0	0	0	0	0	-16	0	36	0
jal factorial                  		WB	4	0	0	0	4	0	0	0	9	13	0	0	0	0	0	0	0	0	0	0	0	0	0	0	0	0	0	0	0	-16	0	36	0
beq $a0, $zero, condicionBorde 		IF	8	0	0	0	4	0	0	0	9	13	0	0	0	0	0	0	0	0	0	0	0	0	0	0	0	0	0	0	0	-16	0	36	0
beq $a0, $zero, condicionBorde 		ID	8	0	0	0	4	0	0	0	9	13	0	0	0	0	0	0	0	0	0	0	0	0	0	0	0	0	0	0	0	-16	0	36	0
beq $a0, $zero, condicionBorde 		EX	8	0	0	0	4	0	0	0	9	13	0	0	0	0	0	0	0	0	0	0	0	0	0	0	0	0	0	0	0	-16	0	36	0
beq $a0, $zero, condicionBorde 		MEM	8	0	0	0	4	0	0	0	9	13	0	0	0	0	0	0	0	0	0	0	0	0	0	0	0	0	0	0	0	-16	0	36	0
beq $a0, $zero, condicionBorde 		WB	8	0	0	0	4	0	0	0	9	13	0	0	0	0	0	0	0	0	0	0	0	0	0	0	0	0	0	0	0	-16	0	36	0
addi $sp, $sp, -8              		IF	12	0	0	0	4	0	0	0	9	13	0	0	0	0	0	0	0	0	0	0	0	0	0	0	0	0	0	0	0	-16	0	36	0
addi $sp, $sp, -8              		ID	12	0	0	0	4	0	0	0	9	13	0	0	0	0	0	0	0	0	0	0	0	0	0	0	0	0	0	0	0	-16	0	36	0
addi $sp, $sp, -8              		EX	12	0	0	0	4	0	0	0	9	13	0	0	0	0	0	0	0	0	0	0	0	0	0	0	0	0	0	0	0	-16	0	36	0
addi $sp, $sp, -8              		MEM	12	0	0	0	4	0	0	0	9	13	0	0	0	0	0	0	0	0	0	0	0	0	0	0	0	0	0	0	0	-16	0	36	0
addi $sp, $sp, -8              		WB	12	0	0	0	4	0	0	0	9	13	0	0	0	0	0	0	0	0	0	0	0	0	0	0	0	0	0	0	0	-24	0	36	0
sw $ra, 0($sp)                 		IF	16	0	0	0	4	0	0	0	9	13	0	0	0	0	0	0	0	0	0	0	0	0	0	0	0	0	0	0	0	-24	0	36	0
sw $ra, 0($sp)                 		ID	16	0	0	0	4	0	0	0	9	13	0	0	0	0	0	0	0	0	0	0	0	0	0	0	0	0	0	0	0	-24	0	36	0
sw $ra, 0($sp)                 		EX	16	0	0	0	4	0	0	0	9	13	0	0	0	0	0	0	0	0	0	0	0	0	0	0	0	0	0	0	0	-24	0	36	0
sw $ra, 0($sp)                 		MEM	16	0	0	0	4	0	0	0	9	13	0	0	0	0	0	0	0	0	0	0	0	0	0	0	0	0	0	0	0	-24	0	36	0
sw $ra, 0($sp)                 		WB	16	0	0	0	4	0	0	0	9	13	0	0	0	0	0	0	0	0	0	0	0	0	0	0	0	0	0	0	0	-24	0	36	0
sw $a0, 4($sp)                 		IF	20	0	0	0	4	0	0	0	9	13	0	0	0	0	0	0	0	0	0	0	0	0	0	0	0	0	0	0	0	-24	0	36	0
sw $a0, 4($sp)                 		ID	20	0	0	0	4	0	0	0	9	13	0	0	0	0	0	0	0	0	0	0	0	0	0	0	0	0	0	0	0	-24	0	36	0
sw $a0, 4($sp)                 		EX	20	0	0	0	4	0	0	0	9	13	0	0	0	0	0	0	0	0	0	0	0	0	0	0	0	0	0	0	0	-24	0	36	0
sw $a0, 4($sp)                 		MEM	20	0	0	0	4	0	0	0	9	13	0	0	0	0	0	0	0	0	0	0	0	0	0	0	0	0	0	0	0	-24	0	36	0
sw $a0, 4($sp)                 		WB	20	0	0	0	4	0	0	0	9	13	0	0	0	0	0	0	0	0	0	0	0	0	0	0	0	0	0	0	0	-24	0	36	0
addi $a0, $a0, -1              		IF	24	0	0	0	4	0	0	0	9	13	0	0	0	0	0	0	0	0	0	0	0	0	0	0	0	0	0	0	0	-24	0	36	0
addi $a0, $a0, -1              		ID	24	0	0	0	4	0	0	0	9	13	0	0	0	0	0	0	0	0	0	0	0	0	0	0	0	0	0	0	0	-24	0	36	0
addi $a0, $a0, -1              		EX	24	0	0	0	4	0	0	0	9	13	0	0	0	0	0	0	0	0	0	0	0	0	0	0	0	0	0	0	0	-24	0	36	0
addi $a0, $a0, -1              		MEM	24	0	0	0	4	0	0	0	9	13	0	0	0	0	0	0	0	0	0	0	0	0	0	0	0	0	0	0	0	-24	0	36	0
addi $a0, $a0, -1              		WB	24	0	0	0	3	0	0	0	9	13	0	0	0	0	0	0	0	0	0	0	0	0	0	0	0	0	0	0	0	-24	0	36	0
add $t0, $t0, $a0              		IF	28	0	0	0	3	0	0	0	9	13	0	0	0	0	0	0	0	0	0	0	0	0	0	0	0	0	0	0	0	-24	0	36	0
add $t0, $t0, $a0              		ID	28	0	0	0	3	0	0	0	9	13	0	0	0	0	0	0	0	0	0	0	0	0	0	0	0	0	0	0	0	-24	0	36	0
add $t0, $t0, $a0              		EX	28	0	0	0	3	0	0	0	9	13	0	0	0	0	0	0	0	0	0	0	0	0	0	0	0	0	0	0	0	-24	0	36	0
add $t0, $t0, $a0              		MEM	28	0	0	0	3	0	0	0	9	13	0	0	0	0	0	0	0	0	0	0	0	0	0	0	0	0	0	0	0	-24	0	36	0
add $t0, $t0, $a0              		WB	28	0	0	0	3	0	0	0	12	13	0	0	0	0	0	0	0	0	0	0	0	0	0	0	0	0	0	0	0	-24	0	36	0
add $t1, $t0, $a0              		IF	32	0	0	0	3	0	0	0	12	13	0	0	0	0	0	0	0	0	0	0	0	0	0	0	0	0	0	0	0	-24	0	36	0
add $t1, $t0, $a0              		ID	32	0	0	0	3	0	0	0	12	13	0	0	0	0	0	0	0	0	0	0	0	0	0	0	0	0	0	0	0	-24	0	36	0
add $t1, $t0, $a0              		EX	32	0	0	0	3	0	0	0	12	13	0	0	0	0	0	0	0	0	0	0	0	0	0	0	0	0	0	0	0	-24	0	36	0
add $t1, $t0, $a0              		MEM	32	0	0	0	3	0	0	0	12	13	0	0	0	0	0	0	0	0	0	0	0	0	0	0	0	0	0	0	0	-24	0	36	0
add $t1, $t0, $a0              		WB	32	0	0	0	3	0	0	0	12	15	0	0	0	0	0	0	0	0	0	0	0	0	0	0	0	0	0	0	0	-24	0	36	0
jal factorial                  		IF	36	0	0	0	3	0	0	0	12	15	0	0	0	0	0	0	0	0	0	0	0	0	0	0	0	0	0	0	0	-24	0	36	0
jal factorial                  		ID	36	0	0	0	3	0	0	0	12	15	0	0	0	0	0	0	0	0	0	0	0	0	0	0	0	0	0	0	0	-24	0	36	0
jal factorial                  		EX	36	0	0	0	3	0	0	0	12	15	0	0	0	0	0	0	0	0	0	0	0	0	0	0	0	0	0	0	0	-24	0	36	0
jal factorial                  		MEM	36	0	0	0	3	0	0	0	12	15	0	0	0	0	0	0	0	0	0	0	0	0	0	0	0	0	0	0	0	-24	0	36	0
jal factorial                  		WB	4	0	0	0	3	0	0	0	12	15	0	0	0	0	0	0	0	0	0	0	0	0	0	0	0	0	0	0	0	-24	0	36	0
beq $a0, $zero, condicionBorde 		IF	8	0	0	0	3	0	0	0	12	15	0	0	0	0	0	0	0	0	0	0	0	0	0	0	0	0	0	0	0	-24	0	36	0
beq $a0, $zero, condicionBorde 		ID	8	0	0	0	3	0	0	0	12	15	0	0	0	0	0	0	0	0	0	0	0	0	0	0	0	0	0	0	0	-24	0	36	0
beq $a0, $zero, condicionBorde 		EX	8	0	0	0	3	0	0	0	12	15	0	0	0	0	0	0	0	0	0	0	0	0	0	0	0	0	0	0	0	-24	0	36	0
beq $a0, $zero, condicionBorde 		MEM	8	0	0	0	3	0	0	0	12	15	0	0	0	0	0	0	0	0	0	0	0	0	0	0	0	0	0	0	0	-24	0	36	0
beq $a0, $zero, condicionBorde 		WB	8	0	0	0	3	0	0	0	12	15	0	0	0	0	0	0	0	0	0	0	0	0	0	0	0	0	0	0	0	-24	0	36	0
addi $sp, $sp, -8              		IF	12	0	0	0	3	0	0	0	12	15	0	0	0	0	0	0	0	0	0	0	0	0	0	0	0	0	0	0	0	-24	0	36	0
addi $sp, $sp, -8              		ID	12	0	0	0	3	0	0	0	12	15	0	0	0	0	0	0	0	0	0	0	0	0	0	0	0	0	0	0	0	-24	0	36	0
addi $sp, $sp, -8              		EX	12	0	0	0	3	0	0	0	12	15	0	0	0	0	0	0	0	0	0	0	0	0	0	0	0	0	0	0	0	-24	0	36	0
addi $sp, $sp, -8              		MEM	12	0	0	0	3	0	0	0	12	15	0	0	0	0	0	0	0	0	0	0	0	0	0	0	0	0	0	0	0	-24	0	36	0
addi $sp, $sp, -8              		WB	12	0	0	0	3	0	0	0	12	15	0	0	0	0	0	0	0	0	0	0	0	0	0	0	0	0	0	0	0	-32	0	36	0
sw $ra, 0($sp)                 		IF	16	0	0	0	3	0	0	0	12	15	0	0	0	0	0	0	0	0	0	0	0	0	0	0	0	0	0	0	0	-32	0	36	0
sw $ra, 0($sp)                 		ID	16	0	0	0	3	0	0	0	12	15	0	0	0	0	0	0	0	0	0	0	0	0	0	0	0	0	0	0	0	-32	0	36	0
sw $ra, 0($sp)                 		EX	16	0	0	0	3	0	0	0	12	15	0	0	0	0	0	0	0	0	0	0	0	0	0	0	0	0	0	0	0	-32	0	36	0
sw $ra, 0($sp)                 		MEM	16	0	0	0	3	0	0	0	12	15	0	0	0	0	0	0	0	0	0	0	0	0	0	0	0	0	0	0	0	-32	0	36	0
sw $ra, 0($sp)                 		WB	16	0	0	0	3	0	0	0	12	15	0	0	0	0	0	0	0	0	0	0	0	0	0	0	0	0	0	0	0	-32	0	36	0
sw $a0, 4($sp)                 		IF	20	0	0	0	3	0	0	0	12	15	0	0	0	0	0	0	0	0	0	0	0	0	0	0	0	0	0	0	0	-32	0	36	0
sw $a0, 4($sp)                 		ID	20	0	0	0	3	0	0	0	12	15	0	0	0	0	0	0	0	0	0	0	0	0	0	0	0	0	0	0	0	-32	0	36	0
sw $a0, 4($sp)                 		EX	20	0	0	0	3	0	0	0	12	15	0	0	0	0	0	0	0	0	0	0	0	0	0	0	0	0	0	0	0	-32	0	36	0
sw $a0, 4($sp)                 		MEM	20	0	0	0	3	0	0	0	12	15	0	0	0	0	0	0	0	0	0	0	0	0	0	0	0	0	0	0	0	-32	0	36	0
sw $a0, 4($sp)                 		WB	20	0	0	0	3	0	0	0	12	15	0	0	0	0	0	0	0	0	0	0	0	0	0	0	0	0	0	0	0	-32	0	36	0
addi $a0, $a0, -1              		IF	24	0	0	0	3	0	0	0	12	15	0	0	0	0	0	0	0	0	0	0	0	0	0	0	0	0	0	0	0	-32	0	36	0
addi $a0, $a0, -1              		ID	24	0	0	0	3	0	0	0	12	15	0	0	0	0	0	0	0	0	0	0	0	0	0	0	0	0	0	0	0	-32	0	36	0
addi $a0, $a0, -1              		EX	24	0	0	0	3	0	0	0	12	15	0	0	0	0	0	0	0	0	0	0	0	0	0	0	0	0	0	0	0	-32	0	36	0
addi $a0, $a0, -1              		MEM	24	0	0	0	3	0	0	0	12	15	0	0	0	0	0	0	0	0	0	0	0	0	0	0	0	0	0	0	0	-32	0	36	0
addi $a0, $a0, -1              		WB	24	0	0	0	2	0	0	0	12	15	0	0	0	0	0	0	0	0	0	0	0	0	0	0	0	0	0	0	0	-32	0	36	0
add $t0, $t0, $a0              		IF	28	0	0	0	2	0	0	0	12	15	0	0	0	0	0	0	0	0	0	0	0	0	0	0	0	0	0	0	0	-32	0	36	0
add $t0, $t0, $a0              		ID	28	0	0	0	2	0	0	0	12	15	0	0	0	0	0	0	0	0	0	0	0	0	0	0	0	0	0	0	0	-32	0	36	0
add $t0, $t0, $a0              		EX	28	0	0	0	2	0	0	0	12	15	0	0	0	0	0	0	0	0	0	0	0	0	0	0	0	0	0	0	0	-32	0	36	0
add $t0, $t0, $a0              		MEM	28	0	0	0	2	0	0	0	12	15	0	0	0	0	0	0	0	0	0	0	0	0	0	0	0	0	0	0	0	-32	0	36	0
add $t0, $t0, $a0              		WB	28	0	0	0	2	0	0	0	14	15	0	0	0	0	0	0	0	0	0	0	0	0	0	0	0	0	0	0	0	-32	0	36	0
add $t1, $t0, $a0              		IF	32	0	0	0	2	0	0	0	14	15	0	0	0	0	0	0	0	0	0	0	0	0	0	0	0	0	0	0	0	-32	0	36	0
add $t1, $t0, $a0              		ID	32	0	0	0	2	0	0	0	14	15	0	0	0	0	0	0	0	0	0	0	0	0	0	0	0	0	0	0	0	-32	0	36	0
add $t1, $t0, $a0              		EX	32	0	0	0	2	0	0	0	14	15	0	0	0	0	0	0	0	0	0	0	0	0	0	0	0	0	0	0	0	-32	0	36	0
add $t1, $t0, $a0              		MEM	32	0	0	0	2	0	0	0	14	15	0	0	0	0	0	0	0	0	0	0	0	0	0	0	0	0	0	0	0	-32	0	36	0
add $t1, $t0, $a0              		WB	32	0	0	0	2	0	0	0	14	16	0	0	0	0	0	0	0	0	0	0	0	0	0	0	0	0	0	0	0	-32	0	36	0
jal factorial                  		IF	36	0	0	0	2	0	0	0	14	16	0	0	0	0	0	0	0	0	0	0	0	0	0	0	0	0	0	0	0	-32	0	36	0
jal factorial                  		ID	36	0	0	0	2	0	0	0	14	16	0	0	0	0	0	0	0	0	0	0	0	0	0	0	0	0	0	0	0	-32	0	36	0
jal factorial                  		EX	36	0	0	0	2	0	0	0	14	16	0	0	0	0	0	0	0	0	0	0	0	0	0	0	0	0	0	0	0	-32	0	36	0
jal factorial                  		MEM	36	0	0	0	2	0	0	0	14	16	0	0	0	0	0	0	0	0	0	0	0	0	0	0	0	0	0	0	0	-32	0	36	0
jal factorial                  		WB	4	0	0	0	2	0	0	0	14	16	0	0	0	0	0	0	0	0	0	0	0	0	0	0	0	0	0	0	0	-32	0	36	0
beq $a0, $zero, condicionBorde 		IF	8	0	0	0	2	0	0	0	14	16	0	0	0	0	0	0	0	0	0	0	0	0	0	0	0	0	0	0	0	-32	0	36	0
beq $a0, $zero, condicionBorde 		ID	8	0	0	0	2	0	0	0	14	16	0	0	0	0	0	0	0	0	0	0	0	0	0	0	0	0	0	0	0	-32	0	36	0
beq $a0, $zero, condicionBorde 		EX	8	0	0	0	2	0	0	0	14	16	0	0	0	0	0	0	0	0	0	0	0	0	0	0	0	0	0	0	0	-32	0	36	0
beq $a0, $zero, condicionBorde 		MEM	8	0	0	0	2	0	0	0	14	16	0	0	0	0	0	0	0	0	0	0	0	0	0	0	0	0	0	0	0	-32	0	36	0
beq $a0, $zero, condicionBorde 		WB	8	0	0	0	2	0	0	0	14	16	0	0	0	0	0	0	0	0	0	0	0	0	0	0	0	0	0	0	0	-32	0	36	0
addi $sp, $sp, -8              		IF	12	0	0	0	2	0	0	0	14	16	0	0	0	0	0	0	0	0	0	0	0	0	0	0	0	0	0	0	0	-32	0	36	0
addi $sp, $sp, -8              		ID	12	0	0	0	2	0	0	0	14	16	0	0	0	0	0	0	0	0	0	0	0	0	0	0	0	0	0	0	0	-32	0	36	0
addi $sp, $sp, -8              		EX	12	0	0	0	2	0	0	0	14	16	0	0	0	0	0	0	0	0	0	0	0	0	0	0	0	0	0	0	0	-32	0	36	0
addi $sp, $sp, -8              		MEM	12	0	0	0	2	0	0	0	14	16	0	0	0	0	0	0	0	0	0	0	0	0	0	0	0	0	0	0	0	-32	0	36	0
addi $sp, $sp, -8              		WB	12	0	0	0	2	0	0	0	14	16	0	0	0	0	0	0	0	0	0	0	0	0	0	0	0	0	0	0	0	-40	0	36	0
sw $ra, 0($sp)                 		IF	16	0	0	0	2	0	0	0	14	16	0	0	0	0	0	0	0	0	0	0	0	0	0	0	0	0	0	0	0	-40	0	36	0
sw $ra, 0($sp)                 		ID	16	0	0	0	2	0	0	0	14	16	0	0	0	0	0	0	0	0	0	0	0	0	0	0	0	0	0	0	0	-40	0	36	0
sw $ra, 0($sp)                 		EX	16	0	0	0	2	0	0	0	14	16	0	0	0	0	0	0	0	0	0	0	0	0	0	0	0	0	0	0	0	-40	0	36	0
sw $ra, 0($sp)                 		MEM	16	0	0	0	2	0	0	0	14	16	0	0	0	0	0	0	0	0	0	0	0	0	0	0	0	0	0	0	0	-40	0	36	0
sw $ra, 0($sp)                 		WB	16	0	0	0	2	0	0	0	14	16	0	0	0	0	0	0	0	0	0	0	0	0	0	0	0	0	0	0	0	-40	0	36	0
sw $a0, 4($sp)                 		IF	20	0	0	0	2	0	0	0	14	16	0	0	0	0	0	0	0	0	0	0	0	0	0	0	0	0	0	0	0	-40	0	36	0
sw $a0, 4($sp)                 		ID	20	0	0	0	2	0	0	0	14	16	0	0	0	0	0	0	0	0	0	0	0	0	0	0	0	0	0	0	0	-40	0	36	0
sw $a0, 4($sp)                 		EX	20	0	0	0	2	0	0	0	14	16	0	0	0	0	0	0	0	0	0	0	0	0	0	0	0	0	0	0	0	-40	0	36	0
sw $a0, 4($sp)                 		MEM	20	0	0	0	2	0	0	0	14	16	0	0	0	0	0	0	0	0	0	0	0	0	0	0	0	0	0	0	0	-40	0	36	0
sw $a0, 4($sp)                 		WB	20	0	0	0	2	0	0	0	14	16	0	0	0	0	0	0	0	0	0	0	0	0	0	0	0	0	0	0	0	-40	0	36	0
addi $a0, $a0, -1              		IF	24	0	0	0	2	0	0	0	14	16	0	0	0	0	0	0	0	0	0	0	0	0	0	0	0	0	0	0	0	-40	0	36	0
addi $a0, $a0, -1              		ID	24	0	0	0	2	0	0	0	14	16	0	0	0	0	0	0	0	0	0	0	0	0	0	0	0	0	0	0	0	-40	0	36	0
addi $a0, $a0, -1              		EX	24	0	0	0	2	0	0	0	14	16	0	0	0	0	0	0	0	0	0	0	0	0	0	0	0	0	0	0	0	-40	0	36	0
addi $a0, $a0, -1              		MEM	24	0	0	0	2	0	0	0	14	16	0	0	0	0	0	0	0	0	0	0	0	0	0	0	0	0	0	0	0	-40	0	36	0
addi $a0, $a0, -1              		WB	24	0	0	0	1	0	0	0	14	16	0	0	0	0	0	0	0	0	0	0	0	0	0	0	0	0	0	0	0	-40	0	36	0
add $t0, $t0, $a0              		IF	28	0	0	0	1	0	0	0	14	16	0	0	0	0	0	0	0	0	0	0	0	0	0	0	0	0	0	0	0	-40	0	36	0
add $t0, $t0, $a0              		ID	28	0	0	0	1	0	0	0	14	16	0	0	0	0	0	0	0	0	0	0	0	0	0	0	0	0	0	0	0	-40	0	36	0
add $t0, $t0, $a0              		EX	28	0	0	0	1	0	0	0	14	16	0	0	0	0	0	0	0	0	0	0	0	0	0	0	0	0	0	0	0	-40	0	36	0
add $t0, $t0, $a0              		MEM	28	0	0	0	1	0	0	0	14	16	0	0	0	0	0	0	0	0	0	0	0	0	0	0	0	0	0	0	0	-40	0	36	0
add $t0, $t0, $a0              		WB	28	0	0	0	1	0	0	0	15	16	0	0	0	0	0	0	0	0	0	0	0	0	0	0	0	0	0	0	0	-40	0	36	0
add $t1, $t0, $a0              		IF	32	0	0	0	1	0	0	0	15	16	0	0	0	0	0	0	0	0	0	0	0	0	0	0	0	0	0	0	0	-40	0	36	0
add $t1, $t0, $a0              		ID	32	0	0	0	1	0	0	0	15	16	0	0	0	0	0	0	0	0	0	0	0	0	0	0	0	0	0	0	0	-40	0	36	0
add $t1, $t0, $a0              		EX	32	0	0	0	1	0	0	0	15	16	0	0	0	0	0	0	0	0	0	0	0	0	0	0	0	0	0	0	0	-40	0	36	0
add $t1, $t0, $a0              		MEM	32	0	0	0	1	0	0	0	15	16	0	0	0	0	0	0	0	0	0	0	0	0	0	0	0	0	0	0	0	-40	0	36	0
add $t1, $t0, $a0              		WB	32	0	0	0	1	0	0	0	15	16	0	0	0	0	0	0	0	0	0	0	0	0	0	0	0	0	0	0	0	-40	0	36	0
jal factorial                  		IF	36	0	0	0	1	0	0	0	15	16	0	0	0	0	0	0	0	0	0	0	0	0	0	0	0	0	0	0	0	-40	0	36	0
jal factorial                  		ID	36	0	0	0	1	0	0	0	15	16	0	0	0	0	0	0	0	0	0	0	0	0	0	0	0	0	0	0	0	-40	0	36	0
jal factorial                  		EX	36	0	0	0	1	0	0	0	15	16	0	0	0	0	0	0	0	0	0	0	0	0	0	0	0	0	0	0	0	-40	0	36	0
jal factorial                  		MEM	36	0	0	0	1	0	0	0	15	16	0	0	0	0	0	0	0	0	0	0	0	0	0	0	0	0	0	0	0	-40	0	36	0
jal factorial                  		WB	4	0	0	0	1	0	0	0	15	16	0	0	0	0	0	0	0	0	0	0	0	0	0	0	0	0	0	0	0	-40	0	36	0
beq $a0, $zero, condicionBorde 		IF	8	0	0	0	1	0	0	0	15	16	0	0	0	0	0	0	0	0	0	0	0	0	0	0	0	0	0	0	0	-40	0	36	0
beq $a0, $zero, condicionBorde 		ID	8	0	0	0	1	0	0	0	15	16	0	0	0	0	0	0	0	0	0	0	0	0	0	0	0	0	0	0	0	-40	0	36	0
beq $a0, $zero, condicionBorde 		EX	8	0	0	0	1	0	0	0	15	16	0	0	0	0	0	0	0	0	0	0	0	0	0	0	0	0	0	0	0	-40	0	36	0
beq $a0, $zero, condicionBorde 		MEM	8	0	0	0	1	0	0	0	15	16	0	0	0	0	0	0	0	0	0	0	0	0	0	0	0	0	0	0	0	-40	0	36	0
beq $a0, $zero, condicionBorde 		WB	8	0	0	0	1	0	0	0	15	16	0	0	0	0	0	0	0	0	0	0	0	0	0	0	0	0	0	0	0	-40	0	36	0
addi $sp, $sp, -8              		IF	12	0	0	0	1	0	0	0	15	16	0	0	0	0	0	0	0	0	0	0	0	0	0	0	0	0	0	0	0	-40	0	36	0
addi $sp, $sp, -8              		ID	12	0	0	0	1	0	0	0	15	16	0	0	0	0	0	0	0	0	0	0	0	0	0	0	0	0	0	0	0	-40	0	36	0
addi $sp, $sp, -8              		EX	12	0	0	0	1	0	0	0	15	16	0	0	0	0	0	0	0	0	0	0	0	0	0	0	0	0	0	0	0	-40	0	36	0
addi $sp, $sp, -8              		MEM	12	0	0	0	1	0	0	0	15	16	0	0	0	0	0	0	0	0	0	0	0	0	0	0	0	0	0	0	0	-40	0	36	0
addi $sp, $sp, -8              		WB	12	0	0	0	1	0	0	0	15	16	0	0	0	0	0	0	0	0	0	0	0	0	0	0	0	0	0	0	0	-48	0	36	0
sw $ra, 0($sp)                 		IF	16	0	0	0	1	0	0	0	15	16	0	0	0	0	0	0	0	0	0	0	0	0	0	0	0	0	0	0	0	-48	0	36	0
sw $ra, 0($sp)                 		ID	16	0	0	0	1	0	0	0	15	16	0	0	0	0	0	0	0	0	0	0	0	0	0	0	0	0	0	0	0	-48	0	36	0
sw $ra, 0($sp)                 		EX	16	0	0	0	1	0	0	0	15	16	0	0	0	0	0	0	0	0	0	0	0	0	0	0	0	0	0	0	0	-48	0	36	0
sw $ra, 0($sp)                 		MEM	16	0	0	0	1	0	0	0	15	16	0	0	0	0	0	0	0	0	0	0	0	0	0	0	0	0	0	0	0	-48	0	36	0
sw $ra, 0($sp)                 		WB	16	0	0	0	1	0	0	0	15	16	0	0	0	0	0	0	0	0	0	0	0	0	0	0	0	0	0	0	0	-48	0	36	0
sw $a0, 4($sp)                 		IF	20	0	0	0	1	0	0	0	15	16	0	0	0	0	0	0	0	0	0	0	0	0	0	0	0	0	0	0	0	-48	0	36	0
sw $a0, 4($sp)                 		ID	20	0	0	0	1	0	0	0	15	16	0	0	0	0	0	0	0	0	0	0	0	0	0	0	0	0	0	0	0	-48	0	36	0
sw $a0, 4($sp)                 		EX	20	0	0	0	1	0	0	0	15	16	0	0	0	0	0	0	0	0	0	0	0	0	0	0	0	0	0	0	0	-48	0	36	0
sw $a0, 4($sp)                 		MEM	20	0	0	0	1	0	0	0	15	16	0	0	0	0	0	0	0	0	0	0	0	0	0	0	0	0	0	0	0	-48	0	36	0
sw $a0, 4($sp)                 		WB	20	0	0	0	1	0	0	0	15	16	0	0	0	0	0	0	0	0	0	0	0	0	0	0	0	0	0	0	0	-48	0	36	0
addi $a0, $a0, -1              		IF	24	0	0	0	1	0	0	0	15	16	0	0	0	0	0	0	0	0	0	0	0	0	0	0	0	0	0	0	0	-48	0	36	0
addi $a0, $a0, -1              		ID	24	0	0	0	1	0	0	0	15	16	0	0	0	0	0	0	0	0	0	0	0	0	0	0	0	0	0	0	0	-48	0	36	0
addi $a0, $a0, -1              		EX	24	0	0	0	1	0	0	0	15	16	0	0	0	0	0	0	0	0	0	0	0	0	0	0	0	0	0	0	0	-48	0	36	0
addi $a0, $a0, -1              		MEM	24	0	0	0	1	0	0	0	15	16	0	0	0	0	0	0	0	0	0	0	0	0	0	0	0	0	0	0	0	-48	0	36	0
addi $a0, $a0, -1              		WB	24	0	0	0	0	0	0	0	15	16	0	0	0	0	0	0	0	0	0	0	0	0	0	0	0	0	0	0	0	-48	0	36	0
add $t0, $t0, $a0              		IF	28	0	0	0	0	0	0	0	15	16	0	0	0	0	0	0	0	0	0	0	0	0	0	0	0	0	0	0	0	-48	0	36	0
add $t0, $t0, $a0              		ID	28	0	0	0	0	0	0	0	15	16	0	0	0	0	0	0	0	0	0	0	0	0	0	0	0	0	0	0	0	-48	0	36	0
add $t0, $t0, $a0              		EX	28	0	0	0	0	0	0	0	15	16	0	0	0	0	0	0	0	0	0	0	0	0	0	0	0	0	0	0	0	-48	0	36	0
add $t0, $t0, $a0              		MEM	28	0	0	0	0	0	0	0	15	16	0	0	0	0	0	0	0	0	0	0	0	0	0	0	0	0	0	0	0	-48	0	36	0
add $t0, $t0, $a0              		WB	28	0	0	0	0	0	0	0	15	16	0	0	0	0	0	0	0	0	0	0	0	0	0	0	0	0	0	0	0	-48	0	36	0
add $t1, $t0, $a0              		IF	32	0	0	0	0	0	0	0	15	16	0	0	0	0	0	0	0	0	0	0	0	0	0	0	0	0	0	0	0	-48	0	36	0
add $t1, $t0, $a0              		ID	32	0	0	0	0	0	0	0	15	16	0	0	0	0	0	0	0	0	0	0	0	0	0	0	0	0	0	0	0	-48	0	36	0
add $t1, $t0, $a0              		EX	32	0	0	0	0	0	0	0	15	16	0	0	0	0	0	0	0	0	0	0	0	0	0	0	0	0	0	0	0	-48	0	36	0
add $t1, $t0, $a0              		MEM	32	0	0	0	0	0	0	0	15	16	0	0	0	0	0	0	0	0	0	0	0	0	0	0	0	0	0	0	0	-48	0	36	0
add $t1, $t0, $a0              		WB	32	0	0	0	0	0	0	0	15	15	0	0	0	0	0	0	0	0	0	0	0	0	0	0	0	0	0	0	0	-48	0	36	0
jal factorial                  		IF	36	0	0	0	0	0	0	0	15	15	0	0	0	0	0	0	0	0	0	0	0	0	0	0	0	0	0	0	0	-48	0	36	0
jal factorial                  		ID	36	0	0	0	0	0	0	0	15	15	0	0	0	0	0	0	0	0	0	0	0	0	0	0	0	0	0	0	0	-48	0	36	0
jal factorial                  		EX	36	0	0	0	0	0	0	0	15	15	0	0	0	0	0	0	0	0	0	0	0	0	0	0	0	0	0	0	0	-48	0	36	0
jal factorial                  		MEM	36	0	0	0	0	0	0	0	15	15	0	0	0	0	0	0	0	0	0	0	0	0	0	0	0	0	0	0	0	-48	0	36	0
jal factorial                  		WB	4	0	0	0	0	0	0	0	15	15	0	0	0	0	0	0	0	0	0	0	0	0	0	0	0	0	0	0	0	-48	0	36	0
beq $a0, $zero, condicionBorde 		IF	8	0	0	0	0	0	0	0	15	15	0	0	0	0	0	0	0	0	0	0	0	0	0	0	0	0	0	0	0	-48	0	36	0
beq $a0, $zero, condicionBorde 		ID	8	0	0	0	0	0	0	0	15	15	0	0	0	0	0	0	0	0	0	0	0	0	0	0	0	0	0	0	0	-48	0	36	0
beq $a0, $zero, condicionBorde 		EX	8	0	0	0	0	0	0	0	15	15	0	0	0	0	0	0	0	0	0	0	0	0	0	0	0	0	0	0	0	-48	0	36	0
beq $a0, $zero, condicionBorde 		MEM	56	0	0	0	0	0	0	0	15	15	0	0	0	0	0	0	0	0	0	0	0	0	0	0	0	0	0	0	0	-48	0	36	0
beq $a0, $zero, condicionBorde 		WB	56	0	0	0	0	0	0	0	15	15	0	0	0	0	0	0	0	0	0	0	0	0	0	0	0	0	0	0	0	-48	0	36	0
addi $v0, $zero, 1             		IF	60	0	0	0	0	0	0	0	15	15	0	0	0	0	0	0	0	0	0	0	0	0	0	0	0	0	0	0	0	-48	0	36	0
addi $v0, $zero, 1             		ID	60	0	0	0	0	0	0	0	15	15	0	0	0	0	0	0	0	0	0	0	0	0	0	0	0	0	0	0	0	-48	0	36	0
addi $v0, $zero, 1             		EX	60	0	0	0	0	0	0	0	15	15	0	0	0	0	0	0	0	0	0	0	0	0	0	0	0	0	0	0	0	-48	0	36	0
addi $v0, $zero, 1             		MEM	60	0	0	0	0	0	0	0	15	15	0	0	0	0	0	0	0	0	0	0	0	0	0	0	0	0	0	0	0	-48	0	36	0
addi $v0, $zero, 1             		WB	60	0	1	0	0	0	0	0	15	15	0	0	0	0	0	0	0	0	0	0	0	0	0	0	0	0	0	0	0	-48	0	36	0
lw $ra, 0($sp)                 		IF	64	0	1	0	0	0	0	0	15	15	0	0	0	0	0	0	0	0	0	0	0	0	0	0	0	0	0	0	0	-48	0	36	0
lw $ra, 0($sp)                 		ID	64	0	1	0	0	0	0	0	15	15	0	0	0	0	0	0	0	0	0	0	0	0	0	0	0	0	0	0	0	-48	0	36	0
lw $ra, 0($sp)                 		EX	64	0	1	0	0	0	0	0	15	15	0	0	0	0	0	0	0	0	0	0	0	0	0	0	0	0	0	0	0	-48	0	36	0
lw $ra, 0($sp)                 		MEM	64	0	1	0	0	0	0	0	15	15	0	0	0	0	0	0	0	0	0	0	0	0	0	0	0	0	0	0	0	-48	0	36	0
lw $ra, 0($sp)                 		WB	64	0	1	0	0	0	0	0	15	15	0	0	0	0	0	0	0	0	0	0	0	0	0	0	0	0	0	0	0	-48	0	36	0
lw $a0, 4($sp)                 		IF	68	0	1	0	0	0	0	0	15	15	0	0	0	0	0	0	0	0	0	0	0	0	0	0	0	0	0	0	0	-48	0	36	0
lw $a0, 4($sp)                 		ID	68	0	1	0	0	0	0	0	15	15	0	0	0	0	0	0	0	0	0	0	0	0	0	0	0	0	0	0	0	-48	0	36	0
lw $a0, 4($sp)                 		EX	68	0	1	0	0	0	0	0	15	15	0	0	0	0	0	0	0	0	0	0	0	0	0	0	0	0	0	0	0	-48	0	36	0
lw $a0, 4($sp)                 		MEM	68	0	1	0	0	0	0	0	15	15	0	0	0	0	0	0	0	0	0	0	0	0	0	0	0	0	0	0	0	-48	0	36	0
lw $a0, 4($sp)                 		WB	68	0	1	0	1	0	0	0	15	15	0	0	0	0	0	0	0	0	0	0	0	0	0	0	0	0	0	0	0	-48	0	36	0
addi $sp, $sp, 4               		IF	72	0	1	0	1	0	0	0	15	15	0	0	0	0	0	0	0	0	0	0	0	0	0	0	0	0	0	0	0	-48	0	36	0
addi $sp, $sp, 4               		ID	72	0	1	0	1	0	0	0	15	15	0	0	0	0	0	0	0	0	0	0	0	0	0	0	0	0	0	0	0	-48	0	36	0
addi $sp, $sp, 4               		EX	72	0	1	0	1	0	0	0	15	15	0	0	0	0	0	0	0	0	0	0	0	0	0	0	0	0	0	0	0	-48	0	36	0
addi $sp, $sp, 4               		MEM	72	0	1	0	1	0	0	0	15	15	0	0	0	0	0	0	0	0	0	0	0	0	0	0	0	0	0	0	0	-48	0	36	0
addi $sp, $sp, 4               		WB	72	0	1	0	1	0	0	0	15	15	0	0	0	0	0	0	0	0	0	0	0	0	0	0	0	0	0	0	0	-44	0	36	0
addi $sp, $sp, 4               		IF	76	0	1	0	1	0	0	0	15	15	0	0	0	0	0	0	0	0	0	0	0	0	0	0	0	0	0	0	0	-44	0	36	0
addi $sp, $sp, 4               		ID	76	0	1	0	1	0	0	0	15	15	0	0	0	0	0	0	0	0	0	0	0	0	0	0	0	0	0	0	0	-44	0	36	0
addi $sp, $sp, 4               		EX	76	0	1	0	1	0	0	0	15	15	0	0	0	0	0	0	0	0	0	0	0	0	0	0	0	0	0	0	0	-44	0	36	0
addi $sp, $sp, 4               		MEM	76	0	1	0	1	0	0	0	15	15	0	0	0	0	0	0	0	0	0	0	0	0	0	0	0	0	0	0	0	-44	0	36	0
addi $sp, $sp, 4               		WB	76	0	1	0	1	0	0	0	15	15	0	0	0	0	0	0	0	0	0	0	0	0	0	0	0	0	0	0	0	-40	0	36	0
jr $ra                         		IF	80	0	1	0	1	0	0	0	15	15	0	0	0	0	0	0	0	0	0	0	0	0	0	0	0	0	0	0	0	-40	0	36	0
jr $ra                         		ID	80	0	1	0	1	0	0	0	15	15	0	0	0	0	0	0	0	0	0	0	0	0	0	0	0	0	0	0	0	-40	0	36	0
jr $ra                         		EX	80	0	1	0	1	0	0	0	15	15	0	0	0	0	0	0	0	0	0	0	0	0	0	0	0	0	0	0	0	-40	0	36	0
jr $ra                         		MEM	80	0	1	0	1	0	0	0	15	15	0	0	0	0	0	0	0	0	0	0	0	0	0	0	0	0	0	0	0	-40	0	36	0
jr $ra                         		WB	36	0	1	0	1	0	0	0	15	15	0	0	0	0	0	0	0	0	0	0	0	0	0	0	0	0	0	0	0	-40	0	36	0
lw $ra, 0($sp)                 		IF	40	0	1	0	1	0	0	0	15	15	0	0	0	0	0	0	0	0	0	0	0	0	0	0	0	0	0	0	0	-40	0	36	0
lw $ra, 0($sp)                 		ID	40	0	1	0	1	0	0	0	15	15	0	0	0	0	0	0	0	0	0	0	0	0	0	0	0	0	0	0	0	-40	0	36	0
lw $ra, 0($sp)                 		EX	40	0	1	0	1	0	0	0	15	15	0	0	0	0	0	0	0	0	0	0	0	0	0	0	0	0	0	0	0	-40	0	36	0
lw $ra, 0($sp)                 		MEM	40	0	1	0	1	0	0	0	15	15	0	0	0	0	0	0	0	0	0	0	0	0	0	0	0	0	0	0	0	-40	0	36	0
lw $ra, 0($sp)                 		WB	40	0	1	0	1	0	0	0	15	15	0	0	0	0	0	0	0	0	0	0	0	0	0	0	0	0	0	0	0	-40	0	36	0
lw $a0, 4($sp)                 		IF	44	0	1	0	1	0	0	0	15	15	0	0	0	0	0	0	0	0	0	0	0	0	0	0	0	0	0	0	0	-40	0	36	0
lw $a0, 4($sp)                 		ID	44	0	1	0	1	0	0	0	15	15	0	0	0	0	0	0	0	0	0	0	0	0	0	0	0	0	0	0	0	-40	0	36	0
lw $a0, 4($sp)                 		EX	44	0	1	0	1	0	0	0	15	15	0	0	0	0	0	0	0	0	0	0	0	0	0	0	0	0	0	0	0	-40	0	36	0
lw $a0, 4($sp)                 		MEM	44	0	1	0	1	0	0	0	15	15	0	0	0	0	0	0	0	0	0	0	0	0	0	0	0	0	0	0	0	-40	0	36	0
lw $a0, 4($sp)                 		WB	44	0	1	0	2	0	0	0	15	15	0	0	0	0	0	0	0	0	0	0	0	0	0	0	0	0	0	0	0	-40	0	36	0
mul $v0, $v0, $a0              		IF	48	0	1	0	2	0	0	0	15	15	0	0	0	0	0	0	0	0	0	0	0	0	0	0	0	0	0	0	0	-40	0	36	0
mul $v0, $v0, $a0              		ID	48	0	1	0	2	0	0	0	15	15	0	0	0	0	0	0	0	0	0	0	0	0	0	0	0	0	0	0	0	-40	0	36	0
mul $v0, $v0, $a0              		EX	48	0	1	0	2	0	0	0	15	15	0	0	0	0	0	0	0	0	0	0	0	0	0	0	0	0	0	0	0	-40	0	36	0
mul $v0, $v0, $a0              		MEM	48	0	1	0	2	0	0	0	15	15	0	0	0	0	0	0	0	0	0	0	0	0	0	0	0	0	0	0	0	-40	0	36	0
mul $v0, $v0, $a0              		WB	48	0	2	0	2	0	0	0	15	15	0	0	0	0	0	0	0	0	0	0	0	0	0	0	0	0	0	0	0	-40	0	36	0
addi $sp, $sp, 8               		IF	52	0	2	0	2	0	0	0	15	15	0	0	0	0	0	0	0	0	0	0	0	0	0	0	0	0	0	0	0	-40	0	36	0
addi $sp, $sp, 8               		ID	52	0	2	0	2	0	0	0	15	15	0	0	0	0	0	0	0	0	0	0	0	0	0	0	0	0	0	0	0	-40	0	36	0
addi $sp, $sp, 8               		EX	52	0	2	0	2	0	0	0	15	15	0	0	0	0	0	0	0	0	0	0	0	0	0	0	0	0	0	0	0	-40	0	36	0
addi $sp, $sp, 8               		MEM	52	0	2	0	2	0	0	0	15	15	0	0	0	0	0	0	0	0	0	0	0	0	0	0	0	0	0	0	0	-40	0	36	0
addi $sp, $sp, 8               		WB	52	0	2	0	2	0	0	0	15	15	0	0	0	0	0	0	0	0	0	0	0	0	0	0	0	0	0	0	0	-32	0	36	0
jr $ra                         		IF	56	0	2	0	2	0	0	0	15	15	0	0	0	0	0	0	0	0	0	0	0	0	0	0	0	0	0	0	0	-32	0	36	0
jr $ra                         		ID	56	0	2	0	2	0	0	0	15	15	0	0	0	0	0	0	0	0	0	0	0	0	0	0	0	0	0	0	0	-32	0	36	0
jr $ra                         		EX	56	0	2	0	2	0	0	0	15	15	0	0	0	0	0	0	0	0	0	0	0	0	0	0	0	0	0	0	0	-32	0	36	0
jr $ra                         		MEM	56	0	2	0	2	0	0	0	15	15	0	0	0	0	0	0	0	0	0	0	0	0	0	0	0	0	0	0	0	-32	0	36	0
jr $ra                         		WB	36	0	2	0	2	0	0	0	15	15	0	0	0	0	0	0	0	0	0	0	0	0	0	0	0	0	0	0	0	-32	0	36	0
lw $ra, 0($sp)                 		IF	40	0	2	0	2	0	0	0	15	15	0	0	0	0	0	0	0	0	0	0	0	0	0	0	0	0	0	0	0	-32	0	36	0
lw $ra, 0($sp)                 		ID	40	0	2	0	2	0	0	0	15	15	0	0	0	0	0	0	0	0	0	0	0	0	0	0	0	0	0	0	0	-32	0	36	0
lw $ra, 0($sp)                 		EX	40	0	2	0	2	0	0	0	15	15	0	0	0	0	0	0	0	0	0	0	0	0	0	0	0	0	0	0	0	-32	0	36	0
lw $ra, 0($sp)                 		MEM	40	0	2	0	2	0	0	0	15	15	0	0	0	0	0	0	0	0	0	0	0	0	0	0	0	0	0	0	0	-32	0	36	0
lw $ra, 0($sp)                 		WB	40	0	2	0	2	0	0	0	15	15	0	0	0	0	0	0	0	0	0	0	0	0	0	0	0	0	0	0	0	-32	0	36	0
lw $a0, 4($sp)                 		IF	44	0	2	0	2	0	0	0	15	15	0	0	0	0	0	0	0	0	0	0	0	0	0	0	0	0	0	0	0	-32	0	36	0
lw $a0, 4($sp)                 		ID	44	0	2	0	2	0	0	0	15	15	0	0	0	0	0	0	0	0	0	0	0	0	0	0	0	0	0	0	0	-32	0	36	0
lw $a0, 4($sp)                 		EX	44	0	2	0	2	0	0	0	15	15	0	0	0	0	0	0	0	0	0	0	0	0	0	0	0	0	0	0	0	-32	0	36	0
lw $a0, 4($sp)                 		MEM	44	0	2	0	2	0	0	0	15	15	0	0	0	0	0	0	0	0	0	0	0	0	0	0	0	0	0	0	0	-32	0	36	0
lw $a0, 4($sp)                 		WB	44	0	2	0	3	0	0	0	15	15	0	0	0	0	0	0	0	0	0	0	0	0	0	0	0	0	0	0	0	-32	0	36	0
mul $v0, $v0, $a0              		IF	48	0	2	0	3	0	0	0	15	15	0	0	0	0	0	0	0	0	0	0	0	0	0	0	0	0	0	0	0	-32	0	36	0
mul $v0, $v0, $a0              		ID	48	0	2	0	3	0	0	0	15	15	0	0	0	0	0	0	0	0	0	0	0	0	0	0	0	0	0	0	0	-32	0	36	0
mul $v0, $v0, $a0              		EX	48	0	2	0	3	0	0	0	15	15	0	0	0	0	0	0	0	0	0	0	0	0	0	0	0	0	0	0	0	-32	0	36	0
mul $v0, $v0, $a0              		MEM	48	0	2	0	3	0	0	0	15	15	0	0	0	0	0	0	0	0	0	0	0	0	0	0	0	0	0	0	0	-32	0	36	0
mul $v0, $v0, $a0              		WB	48	0	6	0	3	0	0	0	15	15	0	0	0	0	0	0	0	0	0	0	0	0	0	0	0	0	0	0	0	-32	0	36	0
addi $sp, $sp, 8               		IF	52	0	6	0	3	0	0	0	15	15	0	0	0	0	0	0	0	0	0	0	0	0	0	0	0	0	0	0	0	-32	0	36	0
addi $sp, $sp, 8               		ID	52	0	6	0	3	0	0	0	15	15	0	0	0	0	0	0	0	0	0	0	0	0	0	0	0	0	0	0	0	-32	0	36	0
addi $sp, $sp, 8               		EX	52	0	6	0	3	0	0	0	15	15	0	0	0	0	0	0	0	0	0	0	0	0	0	0	0	0	0	0	0	-32	0	36	0
addi $sp, $sp, 8               		MEM	52	0	6	0	3	0	0	0	15	15	0	0	0	0	0	0	0	0	0	0	0	0	0	0	0	0	0	0	0	-32	0	36	0
addi $sp, $sp, 8               		WB	52	0	6	0	3	0	0	0	15	15	0	0	0	0	0	0	0	0	0	0	0	0	0	0	0	0	0	0	0	-24	0	36	0
jr $ra                         		IF	56	0	6	0	3	0	0	0	15	15	0	0	0	0	0	0	0	0	0	0	0	0	0	0	0	0	0	0	0	-24	0	36	0
jr $ra                         		ID	56	0	6	0	3	0	0	0	15	15	0	0	0	0	0	0	0	0	0	0	0	0	0	0	0	0	0	0	0	-24	0	36	0
jr $ra                         		EX	56	0	6	0	3	0	0	0	15	15	0	0	0	0	0	0	0	0	0	0	0	0	0	0	0	0	0	0	0	-24	0	36	0
jr $ra                         		MEM	56	0	6	0	3	0	0	0	15	15	0	0	0	0	0	0	0	0	0	0	0	0	0	0	0	0	0	0	0	-24	0	36	0
jr $ra                         		WB	36	0	6	0	3	0	0	0	15	15	0	0	0	0	0	0	0	0	0	0	0	0	0	0	0	0	0	0	0	-24	0	36	0
lw $ra, 0($sp)                 		IF	40	0	6	0	3	0	0	0	15	15	0	0	0	0	0	0	0	0	0	0	0	0	0	0	0	0	0	0	0	-24	0	36	0
lw $ra, 0($sp)                 		ID	40	0	6	0	3	0	0	0	15	15	0	0	0	0	0	0	0	0	0	0	0	0	0	0	0	0	0	0	0	-24	0	36	0
lw $ra, 0($sp)                 		EX	40	0	6	0	3	0	0	0	15	15	0	0	0	0	0	0	0	0	0	0	0	0	0	0	0	0	0	0	0	-24	0	36	0
lw $ra, 0($sp)                 		MEM	40	0	6	0	3	0	0	0	15	15	0	0	0	0	0	0	0	0	0	0	0	0	0	0	0	0	0	0	0	-24	0	36	0
lw $ra, 0($sp)                 		WB	40	0	6	0	3	0	0	0	15	15	0	0	0	0	0	0	0	0	0	0	0	0	0	0	0	0	0	0	0	-24	0	36	0
lw $a0, 4($sp)                 		IF	44	0	6	0	3	0	0	0	15	15	0	0	0	0	0	0	0	0	0	0	0	0	0	0	0	0	0	0	0	-24	0	36	0
lw $a0, 4($sp)                 		ID	44	0	6	0	3	0	0	0	15	15	0	0	0	0	0	0	0	0	0	0	0	0	0	0	0	0	0	0	0	-24	0	36	0
lw $a0, 4($sp)                 		EX	44	0	6	0	3	0	0	0	15	15	0	0	0	0	0	0	0	0	0	0	0	0	0	0	0	0	0	0	0	-24	0	36	0
lw $a0, 4($sp)                 		MEM	44	0	6	0	3	0	0	0	15	15	0	0	0	0	0	0	0	0	0	0	0	0	0	0	0	0	0	0	0	-24	0	36	0
lw $a0, 4($sp)                 		WB	44	0	6	0	4	0	0	0	15	15	0	0	0	0	0	0	0	0	0	0	0	0	0	0	0	0	0	0	0	-24	0	36	0
mul $v0, $v0, $a0              		IF	48	0	6	0	4	0	0	0	15	15	0	0	0	0	0	0	0	0	0	0	0	0	0	0	0	0	0	0	0	-24	0	36	0
mul $v0, $v0, $a0              		ID	48	0	6	0	4	0	0	0	15	15	0	0	0	0	0	0	0	0	0	0	0	0	0	0	0	0	0	0	0	-24	0	36	0
mul $v0, $v0, $a0              		EX	48	0	6	0	4	0	0	0	15	15	0	0	0	0	0	0	0	0	0	0	0	0	0	0	0	0	0	0	0	-24	0	36	0
mul $v0, $v0, $a0              		MEM	48	0	6	0	4	0	0	0	15	15	0	0	0	0	0	0	0	0	0	0	0	0	0	0	0	0	0	0	0	-24	0	36	0
mul $v0, $v0, $a0              		WB	48	0	24	0	4	0	0	0	15	15	0	0	0	0	0	0	0	0	0	0	0	0	0	0	0	0	0	0	0	-24	0	36	0
addi $sp, $sp, 8               		IF	52	0	24	0	4	0	0	0	15	15	0	0	0	0	0	0	0	0	0	0	0	0	0	0	0	0	0	0	0	-24	0	36	0
addi $sp, $sp, 8               		ID	52	0	24	0	4	0	0	0	15	15	0	0	0	0	0	0	0	0	0	0	0	0	0	0	0	0	0	0	0	-24	0	36	0
addi $sp, $sp, 8               		EX	52	0	24	0	4	0	0	0	15	15	0	0	0	0	0	0	0	0	0	0	0	0	0	0	0	0	0	0	0	-24	0	36	0
addi $sp, $sp, 8               		MEM	52	0	24	0	4	0	0	0	15	15	0	0	0	0	0	0	0	0	0	0	0	0	0	0	0	0	0	0	0	-24	0	36	0
addi $sp, $sp, 8               		WB	52	0	24	0	4	0	0	0	15	15	0	0	0	0	0	0	0	0	0	0	0	0	0	0	0	0	0	0	0	-16	0	36	0
jr $ra                         		IF	56	0	24	0	4	0	0	0	15	15	0	0	0	0	0	0	0	0	0	0	0	0	0	0	0	0	0	0	0	-16	0	36	0
jr $ra                         		ID	56	0	24	0	4	0	0	0	15	15	0	0	0	0	0	0	0	0	0	0	0	0	0	0	0	0	0	0	0	-16	0	36	0
jr $ra                         		EX	56	0	24	0	4	0	0	0	15	15	0	0	0	0	0	0	0	0	0	0	0	0	0	0	0	0	0	0	0	-16	0	36	0
jr $ra                         		MEM	56	0	24	0	4	0	0	0	15	15	0	0	0	0	0	0	0	0	0	0	0	0	0	0	0	0	0	0	0	-16	0	36	0
jr $ra                         		WB	36	0	24	0	4	0	0	0	15	15	0	0	0	0	0	0	0	0	0	0	0	0	0	0	0	0	0	0	0	-16	0	36	0
lw $ra, 0($sp)                 		IF	40	0	24	0	4	0	0	0	15	15	0	0	0	0	0	0	0	0	0	0	0	0	0	0	0	0	0	0	0	-16	0	36	0
lw $ra, 0($sp)                 		ID	40	0	24	0	4	0	0	0	15	15	0	0	0	0	0	0	0	0	0	0	0	0	0	0	0	0	0	0	0	-16	0	36	0
lw $ra, 0($sp)                 		EX	40	0	24	0	4	0	0	0	15	15	0	0	0	0	0	0	0	0	0	0	0	0	0	0	0	0	0	0	0	-16	0	36	0
lw $ra, 0($sp)                 		MEM	40	0	24	0	4	0	0	0	15	15	0	0	0	0	0	0	0	0	0	0	0	0	0	0	0	0	0	0	0	-16	0	36	0
lw $ra, 0($sp)                 		WB	40	0	24	0	4	0	0	0	15	15	0	0	0	0	0	0	0	0	0	0	0	0	0	0	0	0	0	0	0	-16	0	36	0
lw $a0, 4($sp)                 		IF	44	0	24	0	4	0	0	0	15	15	0	0	0	0	0	0	0	0	0	0	0	0	0	0	0	0	0	0	0	-16	0	36	0
lw $a0, 4($sp)                 		ID	44	0	24	0	4	0	0	0	15	15	0	0	0	0	0	0	0	0	0	0	0	0	0	0	0	0	0	0	0	-16	0	36	0
lw $a0, 4($sp)                 		EX	44	0	24	0	4	0	0	0	15	15	0	0	0	0	0	0	0	0	0	0	0	0	0	0	0	0	0	0	0	-16	0	36	0
lw $a0, 4($sp)                 		MEM	44	0	24	0	4	0	0	0	15	15	0	0	0	0	0	0	0	0	0	0	0	0	0	0	0	0	0	0	0	-16	0	36	0
lw $a0, 4($sp)                 		WB	44	0	24	0	5	0	0	0	15	15	0	0	0	0	0	0	0	0	0	0	0	0	0	0	0	0	0	0	0	-16	0	36	0
mul $v0, $v0, $a0              		IF	48	0	24	0	5	0	0	0	15	15	0	0	0	0	0	0	0	0	0	0	0	0	0	0	0	0	0	0	0	-16	0	36	0
mul $v0, $v0, $a0              		ID	48	0	24	0	5	0	0	0	15	15	0	0	0	0	0	0	0	0	0	0	0	0	0	0	0	0	0	0	0	-16	0	36	0
mul $v0, $v0, $a0              		EX	48	0	24	0	5	0	0	0	15	15	0	0	0	0	0	0	0	0	0	0	0	0	0	0	0	0	0	0	0	-16	0	36	0
mul $v0, $v0, $a0              		MEM	48	0	24	0	5	0	0	0	15	15	0	0	0	0	0	0	0	0	0	0	0	0	0	0	0	0	0	0	0	-16	0	36	0
mul $v0, $v0, $a0              		WB	48	0	120	0	5	0	0	0	15	15	0	0	0	0	0	0	0	0	0	0	0	0	0	0	0	0	0	0	0	-16	0	36	0
addi $sp, $sp, 8               		IF	52	0	120	0	5	0	0	0	15	15	0	0	0	0	0	0	0	0	0	0	0	0	0	0	0	0	0	0	0	-16	0	36	0
addi $sp, $sp, 8               		ID	52	0	120	0	5	0	0	0	15	15	0	0	0	0	0	0	0	0	0	0	0	0	0	0	0	0	0	0	0	-16	0	36	0
addi $sp, $sp, 8               		EX	52	0	120	0	5	0	0	0	15	15	0	0	0	0	0	0	0	0	0	0	0	0	0	0	0	0	0	0	0	-16	0	36	0
addi $sp, $sp, 8               		MEM	52	0	120	0	5	0	0	0	15	15	0	0	0	0	0	0	0	0	0	0	0	0	0	0	0	0	0	0	0	-16	0	36	0
addi $sp, $sp, 8               		WB	52	0	120	0	5	0	0	0	15	15	0	0	0	0	0	0	0	0	0	0	0	0	0	0	0	0	0	0	0	-8	0	36	0
jr $ra                         		IF	56	0	120	0	5	0	0	0	15	15	0	0	0	0	0	0	0	0	0	0	0	0	0	0	0	0	0	0	0	-8	0	36	0
jr $ra                         		ID	56	0	120	0	5	0	0	0	15	15	0	0	0	0	0	0	0	0	0	0	0	0	0	0	0	0	0	0	0	-8	0	36	0
jr $ra                         		EX	56	0	120	0	5	0	0	0	15	15	0	0	0	0	0	0	0	0	0	0	0	0	0	0	0	0	0	0	0	-8	0	36	0
jr $ra                         		MEM	56	0	120	0	5	0	0	0	15	15	0	0	0	0	0	0	0	0	0	0	0	0	0	0	0	0	0	0	0	-8	0	36	0
jr $ra                         		WB	36	0	120	0	5	0	0	0	15	15	0	0	0	0	0	0	0	0	0	0	0	0	0	0	0	0	0	0	0	-8	0	36	0
lw $ra, 0($sp)                 		IF	40	0	120	0	5	0	0	0	15	15	0	0	0	0	0	0	0	0	0	0	0	0	0	0	0	0	0	0	0	-8	0	36	0
lw $ra, 0($sp)                 		ID	40	0	120	0	5	0	0	0	15	15	0	0	0	0	0	0	0	0	0	0	0	0	0	0	0	0	0	0	0	-8	0	36	0
lw $ra, 0($sp)                 		EX	40	0	120	0	5	0	0	0	15	15	0	0	0	0	0	0	0	0	0	0	0	0	0	0	0	0	0	0	0	-8	0	36	0
lw $ra, 0($sp)                 		MEM	40	0	120	0	5	0	0	0	15	15	0	0	0	0	0	0	0	0	0	0	0	0	0	0	0	0	0	0	0	-8	0	36	0
lw $ra, 0($sp)                 		WB	40	0	120	0	5	0	0	0	15	15	0	0	0	0	0	0	0	0	0	0	0	0	0	0	0	0	0	0	0	-8	0	88	0
lw $a0, 4($sp)                 		IF	44	0	120	0	5	0	0	0	15	15	0	0	0	0	0	0	0	0	0	0	0	0	0	0	0	0	0	0	0	-8	0	88	0
lw $a0, 4($sp)                 		ID	44	0	120	0	5	0	0	0	15	15	0	0	0	0	0	0	0	0	0	0	0	0	0	0	0	0	0	0	0	-8	0	88	0
lw $a0, 4($sp)                 		EX	44	0	120	0	5	0	0	0	15	15	0	0	0	0	0	0	0	0	0	0	0	0	0	0	0	0	0	0	0	-8	0	88	0
lw $a0, 4($sp)                 		MEM	44	0	120	0	5	0	0	0	15	15	0	0	0	0	0	0	0	0	0	0	0	0	0	0	0	0	0	0	0	-8	0	88	0
lw $a0, 4($sp)                 		WB	44	0	120	0	6	0	0	0	15	15	0	0	0	0	0	0	0	0	0	0	0	0	0	0	0	0	0	0	0	-8	0	88	0
mul $v0, $v0, $a0              		IF	48	0	120	0	6	0	0	0	15	15	0	0	0	0	0	0	0	0	0	0	0	0	0	0	0	0	0	0	0	-8	0	88	0
mul $v0, $v0, $a0              		ID	48	0	120	0	6	0	0	0	15	15	0	0	0	0	0	0	0	0	0	0	0	0	0	0	0	0	0	0	0	-8	0	88	0
mul $v0, $v0, $a0              		EX	48	0	120	0	6	0	0	0	15	15	0	0	0	0	0	0	0	0	0	0	0	0	0	0	0	0	0	0	0	-8	0	88	0
mul $v0, $v0, $a0              		MEM	48	0	120	0	6	0	0	0	15	15	0	0	0	0	0	0	0	0	0	0	0	0	0	0	0	0	0	0	0	-8	0	88	0
mul $v0, $v0, $a0              		WB	48	0	720	0	6	0	0	0	15	15	0	0	0	0	0	0	0	0	0	0	0	0	0	0	0	0	0	0	0	-8	0	88	0
addi $sp, $sp, 8               		IF	52	0	720	0	6	0	0	0	15	15	0	0	0	0	0	0	0	0	0	0	0	0	0	0	0	0	0	0	0	-8	0	88	0
addi $sp, $sp, 8               		ID	52	0	720	0	6	0	0	0	15	15	0	0	0	0	0	0	0	0	0	0	0	0	0	0	0	0	0	0	0	-8	0	88	0
addi $sp, $sp, 8               		EX	52	0	720	0	6	0	0	0	15	15	0	0	0	0	0	0	0	0	0	0	0	0	0	0	0	0	0	0	0	-8	0	88	0
addi $sp, $sp, 8               		MEM	52	0	720	0	6	0	0	0	15	15	0	0	0	0	0	0	0	0	0	0	0	0	0	0	0	0	0	0	0	-8	0	88	0
addi $sp, $sp, 8               		WB	52	0	720	0	6	0	0	0	15	15	0	0	0	0	0	0	0	0	0	0	0	0	0	0	0	0	0	0	0	0	0	88	0
jr $ra                         		IF	56	0	720	0	6	0	0	0	15	15	0	0	0	0	0	0	0	0	0	0	0	0	0	0	0	0	0	0	0	0	0	88	0
jr $ra                         		ID	56	0	720	0	6	0	0	0	15	15	0	0	0	0	0	0	0	0	0	0	0	0	0	0	0	0	0	0	0	0	0	88	0
jr $ra                         		EX	56	0	720	0	6	0	0	0	15	15	0	0	0	0	0	0	0	0	0	0	0	0	0	0	0	0	0	0	0	0	0	88	0
jr $ra                         		MEM	56	0	720	0	6	0	0	0	15	15	0	0	0	0	0	0	0	0	0	0	0	0	0	0	0	0	0	0	0	0	0	88	0
jr $ra                         		WB	88	0	720	0	6	0	0	0	15	15	0	0	0	0	0	0	0	0	0	0	0	0	0	0	0	0	0	0	0	0	0	88	0
add $s0, $zero, $v0            		IF	92	0	720	0	6	0	0	0	15	15	0	0	0	0	0	0	0	0	0	0	0	0	0	0	0	0	0	0	0	0	0	88	0
add $s0, $zero, $v0            		ID	92	0	720	0	6	0	0	0	15	15	0	0	0	0	0	0	0	0	0	0	0	0	0	0	0	0	0	0	0	0	0	88	0
add $s0, $zero, $v0            		EX	92	0	720	0	6	0	0	0	15	15	0	0	0	0	0	0	0	0	0	0	0	0	0	0	0	0	0	0	0	0	0	88	0
add $s0, $zero, $v0            		MEM	92	0	720	0	6	0	0	0	15	15	0	0	0	0	0	0	0	0	0	0	0	0	0	0	0	0	0	0	0	0	0	88	0
add $s0, $zero, $v0            		WB	92	0	720	0	6	0	0	0	15	15	0	0	0	0	0	0	720	0	0	0	0	0	0	0	0	0	0	0	0	0	0	88	0
